# n s fs ns nm num_samples deltt t_SW t_FC
3 9 1000 6 24 80 0.001 0.06 0.08
# YBUS stage 0 (3x3 complex, real imag pairs)
0.8451715724943366 -2.9879511379427051
0.2869425360111081 1.5131163471126752
0.2094654913804659 1.2257470584016616
0.2869425360111082 1.5131163471126752
0.4198822137540631 -2.7237614837699100
0.2131950528461653 1.0880055106575015
0.2094654913804660 1.2257470584016619
0.2131950528461653 1.0880055106575017
0.2769375014821381 -2.3680727690153001
# YBUS stage 1 (3x3 complex, real imag pairs)
0.6848325980228825 -3.6847435639409536
0.0768685655088630 0.5229313926304705
0.0504353264616733 0.4985108861786270
0.0768685655088630 0.5229313926304705
0.1465180880927945 -4.1304445331184168
0.0057113493635923 0.0547595750105149
0.0504353264616733 0.4985108861786273
0.0057113493635923 0.0547595750105149
0.1196149082190589 -3.1269885958383545
# YBUS stage 2 (3x3 complex, real imag pairs)
0.8241018946309693 -2.9995360022732331
0.3246613748261902 1.4005455245393452
0.1379338865295414 1.2934198505856889
0.3246613748261901 1.4005455245393448
0.6689226007422920 -2.0784136841595622
0.0620672499833912 0.3337723996097749
0.1379338865295415 1.2934198505856891
0.0620672499833912 0.3337723996097750
0.2790685102217449 -1.6185950085842844
# RV stage 0 (9x3 complex)
0.8183325708130835 -0.0513864316076557
0.0919974739044507 -0.0174461061894754
0.0745254211508210 -0.0127355018759323
0.1812713383840985 -0.0343757158141308
0.6736933742443648 -0.0503018892077368
0.1303430601767687 -0.0255407673309706
0.2222279416882212 -0.0379760935872785
0.1972553990822050 -0.0386522630810098
0.5706684069775262 -0.0502087690187116
0.6462265852675839 -0.1000683141833295
0.1791529754981408 -0.0339739962637152
0.1451284517147567 -0.0248007141794472
0.4979024710416817 -0.1211941736860167
0.2799197162444120 -0.0603291042002847
0.1570868540503824 -0.0384079335184544
0.5106264890380148 -0.1112438109182322
0.2027996872455487 -0.0490951501309716
0.2401081391963860 -0.0484165441608936
0.2758411100786407 -0.0523096243148250
0.5034582815087454 -0.0765445275673657
0.1983434045928625 -0.0388654581338559
0.2777631806891790 -0.0618202914639333
0.3946678051763327 -0.0807754267657155
0.2898752568434933 -0.0612124551946316
0.2940567193105587 -0.0502507713821738
0.2610125220067346 -0.0511454931777950
0.4318993427132296 -0.0664373066055649
# RV stage 1 (9x3 complex)
0.7759675913123900 -0.0416378219597913
0.0317942286719326 -0.0046736087829389
0.0303094618796605 -0.0030664678488697
0.0626471808371304 -0.0092088541479618
0.5051727449324137 -0.0175528669535168
0.0065601970862597 -0.0006842196537584
0.0903800236641851 -0.0091439246875014
0.0099279109494064 -0.0010354676396193
0.4330769675745064 -0.0216861828601154
0.5637263620293912 -0.0810841796059093
0.0619150768874477 -0.0091012381562494
0.0590236889235495 -0.0059715426530621
0.3863511879240694 -0.0905116532120957
0.1212769942491335 -0.0196013656556727
0.0406049408479649 -0.0077289732000609
0.3988107716342825 -0.0810314913606889
0.0437940554184091 -0.0090393817246029
0.1233562561463811 -0.0182300989189652
0.0953303928765348 -0.0140131394922657
0.2470199616125127 -0.0267102474593164
0.0099826705244169 -0.0010411789889829
0.1195927615942527 -0.0120994348181554
0.0131368220450225 -0.0013701527123258
0.2498354358583787 -0.0286956164817522
0.0000000000000000 0.0000000000000000
0.0000000000000000 0.0000000000000000
0.0000000000000000 0.0000000000000000
# RV stage 2 (9x3 complex)
0.8176282110617874 -0.0501053951935629
0.0851531678919922 -0.0197394115894324
0.0786399269156099 -0.0083863803009961
0.1677853538398135 -0.0388944327041776
0.7510060406376845 -0.0801369275689266
0.0399859334732510 -0.0074356565480103
0.2344970189111854 -0.0250074136278059
0.0605129360492522 -0.0112527924219888
0.7065487249436693 -0.0505951209032024
0.6448549373308494 -0.0975736643243068
0.1658245901054585 -0.0384399067794209
0.1531409103093456 -0.0163313721650977
0.4902925832996443 -0.1217191367518601
0.3102155410028695 -0.0781007158053751
0.1169281927774438 -0.0236304584762278
0.5155822108634311 -0.1038093908159477
0.1320600395554415 -0.0374464060608463
0.3075075994917750 -0.0449574619467385
0.2553194491235226 -0.0591857686308144
0.6211051853777120 -0.1219445901153198
0.0608467084488620 -0.0113148596719722
0.2437006482054692 -0.0736271274638425
0.5942439298644947 -0.1577528962386255
0.0582554569006527 -0.0148422418054623
0.3102914221555068 -0.0330903393784370
0.0800719986663850 -0.0148899332710155
0.6116990574406301 -0.0669485356021966
# E_abs (3 values)
1.0566478816896363
1.0500703751707943
1.0168084615521933
# PM (3 values)
0.7167307950656342
1.6288621510342856
0.8491368905032405
# M (3 values)
0.1254140951564136
0.0339530545262710
0.0159685459568868
# D (3 values)
0.0255000000000000
0.0066300000000000
0.0026500000000000
# X_hat_init (6 values)
0.0400123574724032
0.3444039920520515
0.2298247834382469
0.0000000000000000
0.0000000000000000
0.0000000000000000
