0.000000	1.487774	0.340489	1.040577	1.032043	1.006478	-0.082366	-0.162248	-0.231146
1.000000	1.487687	0.340473	1.040578	1.032043	1.006478	-0.082370	-0.162247	-0.231141
2.000000	1.487541	0.340446	1.040579	1.032043	1.006478	-0.082377	-0.162247	-0.231133
3.000000	1.487337	0.340409	1.040580	1.032044	1.006477	-0.082387	-0.162246	-0.231122
4.000000	1.487076	0.340361	1.040581	1.032044	1.006477	-0.082400	-0.162244	-0.231107
5.000000	1.486756	0.340302	1.040583	1.032045	1.006476	-0.082416	-0.162243	-0.231089
6.000000	1.486378	0.340232	1.040585	1.032046	1.006475	-0.082435	-0.162241	-0.231068
7.000000	1.485942	0.340152	1.040588	1.032047	1.006474	-0.082457	-0.162239	-0.231043
8.000000	1.485448	0.340062	1.040591	1.032048	1.006473	-0.082481	-0.162237	-0.231015
9.000000	1.484895	0.339961	1.040594	1.032049	1.006472	-0.082509	-0.162234	-0.230984
10.000000	1.484285	0.339849	1.040597	1.032050	1.006471	-0.082539	-0.162231	-0.230950
11.000000	1.483618	0.339727	1.040601	1.032052	1.006469	-0.082572	-0.162228	-0.230912
12.000000	1.482892	0.339594	1.040605	1.032053	1.006468	-0.082608	-0.162225	-0.230871
13.000000	1.482109	0.339452	1.040610	1.032055	1.006466	-0.082647	-0.162221	-0.230827
14.000000	1.481267	0.339299	1.040615	1.032057	1.006464	-0.082689	-0.162217	-0.230780
15.000000	1.480369	0.339135	1.040620	1.032059	1.006462	-0.082733	-0.162213	-0.230729
16.000000	1.479412	0.338962	1.040625	1.032061	1.006460	-0.082781	-0.162208	-0.230675
17.000000	1.478399	0.338779	1.040631	1.032063	1.006457	-0.082831	-0.162203	-0.230618
18.000000	1.477327	0.338585	1.040637	1.032065	1.006455	-0.082884	-0.162198	-0.230558
19.000000	1.476199	0.338382	1.040644	1.032067	1.006452	-0.082940	-0.162193	-0.230494
20.000000	1.475013	0.338169	1.040650	1.032069	1.006449	-0.082999	-0.162187	-0.230428
21.000000	1.473770	0.337946	1.040657	1.032072	1.006446	-0.083061	-0.162181	-0.230358
22.000000	1.472470	0.337714	1.040664	1.032074	1.006443	-0.083126	-0.162175	-0.230285
23.000000	1.471113	0.337472	1.040672	1.032076	1.006439	-0.083193	-0.162169	-0.230208
24.000000	1.469699	0.337221	1.040680	1.032079	1.006436	-0.083263	-0.162162	-0.230129
25.000000	1.468228	0.336960	1.040688	1.032081	1.006432	-0.083336	-0.162155	-0.230046
26.000000	1.466701	0.336691	1.040696	1.032084	1.006427	-0.083412	-0.162148	-0.229960
27.000000	1.465117	0.336412	1.040705	1.032087	1.006423	-0.083490	-0.162140	-0.229871
28.000000	1.463477	0.336124	1.040714	1.032089	1.006418	-0.083572	-0.162132	-0.229779
29.000000	1.461780	0.335827	1.040723	1.032092	1.006413	-0.083656	-0.162124	-0.229684
30.000000	1.460027	0.335522	1.040732	1.032094	1.006408	-0.083742	-0.162116	-0.229585
31.000000	1.458218	0.335208	1.040742	1.032097	1.006403	-0.083832	-0.162108	-0.229483
32.000000	1.456353	0.334886	1.040751	1.032100	1.006397	-0.083925	-0.162099	-0.229379
33.000000	1.454433	0.334555	1.040762	1.032102	1.006391	-0.084020	-0.162090	-0.229271
34.000000	1.452456	0.334217	1.040772	1.032105	1.006385	-0.084118	-0.162080	-0.229160
35.000000	1.450424	0.333870	1.040782	1.032107	1.006378	-0.084218	-0.162070	-0.229046
36.000000	1.448337	0.333515	1.040793	1.032110	1.006371	-0.084322	-0.162061	-0.228929
37.000000	1.446194	0.333153	1.040804	1.032112	1.006364	-0.084428	-0.162050	-0.228808
38.000000	1.443997	0.332783	1.040815	1.032114	1.006356	-0.084536	-0.162040	-0.228685
39.000000	1.441744	0.332406	1.040826	1.032117	1.006348	-0.084648	-0.162029	-0.228559
40.000000	1.439437	0.332021	1.040838	1.032119	1.006339	-0.084762	-0.162018	-0.228429
41.000000	1.437075	0.331630	1.040849	1.032121	1.006331	-0.084879	-0.162007	-0.228297
42.000000	1.434658	0.331231	1.040861	1.032123	1.006321	-0.084998	-0.161996	-0.228161
43.000000	1.432188	0.330826	1.040873	1.032124	1.006312	-0.085120	-0.161984	-0.228023
44.000000	1.429663	0.330415	1.040885	1.032126	1.006302	-0.085245	-0.161972	-0.227881
45.000000	1.427084	0.329996	1.040898	1.032127	1.006291	-0.085373	-0.161960	-0.227737
46.000000	1.424452	0.329572	1.040910	1.032129	1.006280	-0.085503	-0.161947	-0.227589
47.000000	1.421766	0.329142	1.040923	1.032130	1.006269	-0.085635	-0.161934	-0.227439
48.000000	1.419026	0.328706	1.040935	1.032131	1.006257	-0.085771	-0.161921	-0.227286
49.000000	1.416234	0.328264	1.040948	1.032132	1.006245	-0.085908	-0.161908	-0.227129
50.000000	1.413388	0.327817	1.040961	1.032132	1.006232	-0.086049	-0.161895	-0.226970
51.000000	1.410490	0.327365	1.040974	1.032132	1.006218	-0.086192	-0.161881	-0.226808
52.000000	1.407539	0.326908	1.040987	1.032132	1.006204	-0.086337	-0.161867	-0.226643
53.000000	1.404536	0.326446	1.041000	1.032132	1.006190	-0.086486	-0.161852	-0.226475
54.000000	1.401481	0.325979	1.041013	1.032132	1.006175	-0.086636	-0.161838	-0.226305
55.000000	1.398373	0.325508	1.041026	1.032131	1.006159	-0.086789	-0.161823	-0.226131
56.000000	1.395215	0.325033	1.041039	1.032130	1.006143	-0.086945	-0.161808	-0.225955
57.000000	1.392004	0.324553	1.041053	1.032129	1.006126	-0.087103	-0.161793	-0.225775
58.000000	1.388743	0.324070	1.041066	1.032127	1.006109	-0.087264	-0.161777	-0.225593
59.000000	1.385430	0.323583	1.041079	1.032125	1.006090	-0.087427	-0.161762	-0.225408
60.000000	1.327262	0.388093	1.037126	1.024012	0.990653	-0.084836	-0.156884	-0.232478
61.000000	0.864709	2.993847	0.885772	0.727652	0.589615	-0.067690	-0.145043	-0.211759
62.000000	0.863404	2.993727	0.885775	0.727646	0.589598	-0.067961	-0.145198	-0.211738
63.000000	0.862053	2.993605	0.885777	0.727639	0.589579	-0.068231	-0.145348	-0.211705
64.000000	0.860655	2.993481	0.885780	0.727632	0.589560	-0.068499	-0.145491	-0.211662
65.000000	0.859212	2.993354	0.885783	0.727625	0.589541	-0.068765	-0.145628	-0.211608
66.000000	0.857721	2.993226	0.885785	0.727617	0.589520	-0.069029	-0.145759	-0.211544
67.000000	0.856185	2.993096	0.885788	0.727609	0.589499	-0.069291	-0.145884	-0.211468
68.000000	0.854602	2.992965	0.885790	0.727600	0.589476	-0.069552	-0.146003	-0.211382
69.000000	0.852974	2.992832	0.885793	0.727591	0.589453	-0.069810	-0.146116	-0.211286
70.000000	0.851299	2.992699	0.885795	0.727581	0.589429	-0.070066	-0.146223	-0.211178
71.000000	0.849578	2.992564	0.885797	0.727571	0.589404	-0.070320	-0.146324	-0.211060
72.000000	0.847811	2.992429	0.885799	0.727560	0.589378	-0.070572	-0.146419	-0.210932
73.000000	0.845999	2.992293	0.885802	0.727548	0.589351	-0.070823	-0.146507	-0.210792
74.000000	0.844140	2.992158	0.885803	0.727536	0.589324	-0.071071	-0.146590	-0.210642
75.000000	0.842236	2.992022	0.885805	0.727524	0.589295	-0.071317	-0.146667	-0.210481
76.000000	0.840286	2.991886	0.885807	0.727510	0.589265	-0.071561	-0.146737	-0.210310
77.000000	0.838290	2.991751	0.885808	0.727497	0.589234	-0.071803	-0.146802	-0.210128
78.000000	0.836248	2.991617	0.885810	0.727482	0.589202	-0.072043	-0.146860	-0.209935
79.000000	0.834161	2.991484	0.885811	0.727467	0.589169	-0.072281	-0.146913	-0.209732
